camera_matrix:
  - [1550.9126461931753, 0.0, 1278.2037960753538]
  - [0.0, 1559.0400652557902, 638.9408995978168]
  - [0.0, 0.0, 1.0]

dist_coeff:
  - -0.4300952188571572
  - 0.23469132559259473
  - 0.0013190742574029348
  - -0.0005308679607543075
  - -0.06823460096817144

robot_id: 2